1	garner	Аскарон	1	1350,550	3,1350,550	0,0,0
2	magicsea	Магический Океан	1	1350,550	3,1350,550	255,255,255
3	darkblue	Великий Синий Океан	1	70,70	3,70,70	255,255,255
4	lonetower	Одинокая башня	0	50,50	3,50,50	255,255,255
5	eastgoaf	Восточный завал	1	50,50	3,50,50	255,255,255
6	secretgarden	Сад Эдель	0	50,50	3,50,50	255,255,255
7	darkswamp	Темная топь	0	50,50	3,50,50	255,255,255
8	abandonedcity	Забытый Город	0	50,50	3,50,50	255,255,255
9	abandonedcity2	Забытый Город 2	0	150,150	3,50,50	255,255,255
10	abandonedcity3	Забытый Город 3	0	150,150	3,50,50	255,255,255
11	puzzleworld	Мир Демонов	0	1, 1	3,50,50	0,0,0
12	puzzleworld2	Мир Демонов 2	0	1, 1	3,50,50	0,0,0
13	teampk	Арена	0	1, 1	3,50,50	0,0,0
14	jialebi	Тайная пиратская база	1	150,150	3,50,50	255,255,255	
15	garner2	Серебряный Хаос	0	1350,550	3,1350,550	0,0,0
16	hell	Чистилище	0	1350,550	3,1350,550	0,0,0
17	hell2	Утопить	0	1350,550	3,1350,550	0,0,0
18	hell3	Аид	0	1350,550	3,1350,550	0,0,0
19	hell4	Врата Отчаяния	0	1350,550	3,1350,550	0,0,0
20	hell5	Вечный Абаддон	0	1350,550	3,1350,550	0,0,0
21	guildwar	Священная война	0	1350,550	3,1350,550	0,0,0
22	leiting2	Мираж Громограда	1	1350,550	3,1350,550	0,0,0
23	shalan2	Мираж Шайтана	1	1350,550	3,1350,550	0,0,0
24	binglang2	Мираж Ледыни	1	1350,550	3,1350,550	0,0,0
25	guildwar2	Маленькая священная война	0	1350,550	3,1350,550	0,0,0
26	yschurch	Церковь	1	1350,550	3,1350,550	0,0,0
27	07xmas2	Новогодняя деревня	1	1350,550	3,1350,550	0,0,0
28	sdBoss	Остров Боссов	0	1350,550	3,1350,550	0,0,0
29	07xmas4	Снежная Война	1	1350,550	3,1350,550	0,0,0
30	07xmas3	Снежная Война	1	1350,550	3,1350,550	0,0,0
31	prisonisland	Тюрьма	1	150,150	3,150,150	255,255,255
32	winterland	Остров Зимы	1	1350,550	3,1350,550	0,0,0
33	mjing1	1-ый край Аврор	0	1350,550	3,1350,550	0,0,0
34	mjing2	2-ой край Аврор	0	1350,550	3,1350,550	0,0,0
35	mjing3	1-ый край Тьмы	0	1350,550	3,1350,550	0,0,0
36	mjing4	2-ой край Тьмы	0	1350,550	3,1350,550	0,0,0
37	greh	Грех	0	1350,550	3,1350,550	0,0,0
38	greh1	Утопь Греха	0	1350,550	3,1350,550	0,0,0
39	Podzemka	Подземелье Аргента	0	50,50	3,50,50	255,255,255
40	zonagg	zonagg	0	50,50	3,50,50	255,255,255
41	starena24	Специальная Арена 24	0	1350,550	3,1350,550	0,0,0
42	starena25	Специальная Арена 25	0	1350,550	3,1350,550	0,0,0
43	starena33	Специальная Арена 33	0	1350,550	3,1350,550	0,0,0
44	starena34	Специальная Арена 34	0	1350,550	3,1350,550	0,0,0
45	starena35	Специальная Арена 35	0	1350,550	3,1350,550	0,0,0
46	heilong	Сундук черного дракона	0	150,150	3,50,50	255,255,255
47	darkhouse	Дом тьмы	0	150,150	3,50,50	255,255,255	
48	mingyun	Комната судьбы	0	150,150	3,50,50	255,255,255	
49	pkmap	Арена	0	150,150	3,50,50	255,255,255