//ID	NAME	ID_ITEMINFO		Forge	Type	Function
1	Самоцвет STR	8006	1,2,25,26,0	4	ItemHint_4_1
2	Самоцвет SPR	8007	7,9,11,23,24,25,26,0	4	ItemHint_4_2
3	Самоцвет ACC	8008	3,4,23,25,26,0	4	ItemHint_4_3
4	Самоцвет CON	8009	11,22,23,24,25,26,0	4	ItemHint_4_4
5	Самоцвет AGI	8010	24,25,26,0	4	ItemHint_4_5
6	Самоцвет STR	8011	1,2,25,26,0	4	ItemHint_7_1
7	Самоцвет SPR	8012	7,9,11,23,24,25,26,0	4	ItemHint_7_2
8	Самоцвет ACC	8013	3,4,23,25,26,0	4	ItemHint_7_3
9	Самоцвет CON	8014	11,22,23,24,25,26,0	4	ItemHint_7_4
10	Самоцвет AGI	8015	24,25,26,0	4	ItemHint_7_5
11	Самоцвет STR	8016	1,2,25,26,0	4	ItemHint_10_1
12	Самоцвет SPR	8017	7,9,11,23,24,25,26,0	4	ItemHint_10_2
13	Самоцвет ACC	8018	3,4,23,25,26,0	4	ItemHint_10_3
14	Самоцвет CON	8019	11,22,23,24,25,26,0	4	ItemHint_10_4
15	Самоцвет AGI	8020	24,25,26,0	4	ItemHint_10_5
16	Самоцвет STR	8021	1,2,25,26,0	4	ItemHint_14_1
17	Самоцвет SPR	8022	7,9,11,23,24,25,26,0	4	ItemHint_14_2
18	Самоцвет ACC	8023	3,4,23,25,26,0	4	ItemHint_14_3
19	Самоцвет CON	8024	11,22,23,24,25,26,0	4	ItemHint_14_4
20	Самоцвет AGI	8025	24,25,26,0	4	ItemHint_14_5
21	Самоцвет STR	8026	1,2,25,26,0	4	ItemHint_20_1
22	Самоцвет SPR	8027	7,9,11,23,24,25,26,0	4	ItemHint_20_2
23	Самоцвет ACC	8028	3,4,23,25,26,0	4	ItemHint_20_3
24	Самоцвет CON	8029	11,22,23,24,25,26,0	4	ItemHint_20_4
25	Самоцвет AGI	8030	24,25,26,0	4	ItemHint_20_5
26	Самоцвет STR	8026	1,2,25,26,0	4	ItemHint_20_1
27	Самоцвет SPR	8027	7,9,11,23,24,25,26,0	4	ItemHint_20_2
28	Самоцвет ACC	8028	3,4,23,25,26,0	4	ItemHint_20_3
29	Самоцвет CON	8029	11,22,23,24,25,26,0	4	ItemHint_20_4
30	Самоцвет AGI	8030	24,25,26,0	4	ItemHint_20_5
31	Самоцвет STR	8026	1,2,25,26,0	4	ItemHint_20_1
32	Самоцвет SPR	8027	9,11,20,23,24,25,26,0	4	ItemHint_20_2
33	Самоцвет ACC	8028	3,4,23,25,26,0	4	ItemHint_20_3
34	Самоцвет CON	8029	11,20,22,23,24,0	4	ItemHint_20_4
35	Самоцвет AGI	8030	24,25,26,0	4	ItemHint_20_5
36	Самоцвет STR	9145	1,2,25,26,0	4	ItemHint_17_1
37	Самоцвет SPR	9146	7,9,11,23,24,25,26,0	4	ItemHint_17_2
38	Самоцвет ACC	9147	3,4,23,25,26,0	4	ItemHint_17_3
39	Самоцвет CON	9148	11,22,23,24,25,26,0	4	ItemHint_17_4
40	Самоцвет AGI	9149	24,25,26,0	4	ItemHint_17_5
61	Самоцвет PR	0865	20,22,0	4	ItemHint_pr
62	Удар Лока	15772	11,23,25,26,0	4	ItemHint_100_1
63	Уклонение Бинга	15773	24,25,26,0	4	ItemHint_100_2
64	Скорость	7930	20,0	4	ItemHint_mspeed