0	[Помощница]	1	11	15	218600,278800	218600,278800	0	Москва	1	0	for_newbie	0
1	[Профессии]	1	12	2	219200,276700	219200,276700	90	Москва	1	0	npc_job	0
2	[Кузнец]	1	20	2	219300,270600	219300,270600	150	Москва	1	0	kuznec	0
3	[Феи]	1	748	4	221200,278100	221200,2781000	180	Москва	1	0	fairy	0
4	[Умения]	1	429	17	223100,273000	223100,273000	180	Москва	1	0	Skills	0
5	[Банк]	1	16	0	222100,270400	222100,270400	180	Москва	1	0	bankir	0
6	[Ресет]	1	564	0	226100,275700	226100,275700	180	Москва	1	1	RebornNPC	0
7	[Бафф] 	1	1058	3	219000,277400	219000,277400	180	Москва	180	0	buffer	0
8	[Целитель] 	1	29	3	219200,277400	219200,277400	180	Москва	180	0	healer	0
9	[Ланс]	1	12	0	226200,273100	226200,273100	270	Москва	20	0	app_lanc	0
10	[Карциз]	1	12	0	226200,273300	226200,273300	270	Москва	20	0	app_carc	0
11	[Филлис]	1	12	0	226200,273500	226200,273500	270	Москва	24	0	app_fil	0
12	[Ами] 	1	12	0	226200,273700	226200,273700	270	Москва	24	0	app_ami	0
13	[Обменник]	1	424	15	216600,277550	216600,277550	90	Москва	13	0	change_items	0
14	[Админ ФС]	1	424	0	217900,276800	217900,276800	180	Москва	13	0	r_forsak	0
15	[Админ ТТ]	1	424	0	225300,278800	225300,278800	270	Москва	13	0	r_ds	0
16	[Мирные навыки]	1	12	0	216600,278750	216600,278750	90	Москва	13	0	r_leave	0
17	[Крафт]	1	839	0	220800,281200	220800,281200	180	Москва	13	0	craft	0
18	[Биф Какао]	1	424	7	224100,278400	224100,278400	180	Москва	13	0	some_items	0
19	[Мертвец]	1	268	0	224800,278500	224800,278500	270	Москва	13	0	r_ds2	0
20	[Медаль отваги]	1	451	7	220500,279200	220500,279200	0	Москва	13	0	medal_etc	0
21	[Наставница]	1	11	15	222300,278400	222300,278400	180	Москва	1	0	BT_NewUser001	BT_State002
22	[Сундук ХМ]	1	709	15	222400,277800	222400,277800	0	Москва	1	0	cm_1	0
23	[Сундук ХМ]	1	709	15	224000,277800	224000,277800	0	Москва	1	0	cm_2	0
24	[Админ ХС]	1	883	15	223200,277700	223200,277700	180	Москва	1	0	cm_3	0
25	[Обменник]	1	12	15	217000,276900	217000,276900	180	Москва	13	0	items_po	0
26	[Призыв боссов]	1	24	15	215900,279000	215900,279000	0	Москва	13	0	MonsterNPC	0
27	[Билеты]	1	11	15	222300,276800	222300,276800	180	Москва	13	0	tickets	0
28	[Мертвая душа]	1	817	7	221900,281400	221900,281400	0	Москва	13	0	death_soul	0
29	[Мертвый сундук]	1	1203	7	225800,275900	225800,275900	90	Москва	13	0	change_medal	0
30	[Сундук-помощник]	1	1203	7	219950,270000	219950,270000	180	Москва	13	0	help_kuz	0
31	[Банк Гильдий]	1	744	0	220300,289900	220300,289900	45	Москва	1	1	Guild_Bank	0
32	[PK очки]	1	14	6	220000,288100	220000,288100	90	Москва	13	0	pk_points	0
33	[Топ гильдий]	1	14	6	221000,289300	221000,289300	270	Москва	13	0	top_guilds	0
34	[Создание гильдий]	1	14	6	222300,288300	222300,288300	270	Москва	13	0	guilds	0
35	[Мечи Воителя]	1	695	0	224800,278200	224800,278200	270	Москва	13	0	r_ds21	0
36	[Лесной дух]	1	103	0	216900,279200	216900,279200	0	Москва	13	0	card_trade	0
37	[Обменник карт]	1	1464	0	218200,277400	218200,277400	180	Москва	13	0	card_trade1	0
38	[Обменник карт]	1	1469	0	224700,279100	224700,279100	270	Москва	13	0	card_trade2	0
39	[Обменник карт]	1	1490	0	223100,279200	223100,279200	0	Москва	13	0	card_trade3	0
40	[Плащ]	1	1490	0	221600,270600	221600,270600	180	Москва	13	0	cloak_trade	0
41	[Самоцветы +14]	1	709	0	221500,281300	221500,281300	0	Москва	13	0	gems_14	0
42	[Бижа новичка]	1	709	0	221900,275000	221900,275000	180	Москва	13	0	new_acc	0
43	[Остров скелетов]	1	539	6	219200,278800	219200,278800	0	Москва	13	0	skelet_isl	0
44	[Кук]	1	709	0	220200,277400	220200,277400	270	Москва	13	0	npc_cook	0
45	[Кольцо ГА]	1	563	6	219700,278900	219700,278900	0	Москва	13	0	skelet_is2	0
46	[Пират Пипин]	1	563	6	216700,280700	216700,280700	0	Москва	13	0	angela	0
47	[Пиратские Ги]	1	450	7	221000,288100	221000,288100	270	Москва	13	0	guild1	0
48	[Флотские Ги]	1	450	7	221000,288300	221000,288300	270	Москва	13	0	guild2	0
49	[Комбайнер +10]	1	450	7	220300,270000	219600,270000	180	Москва	13	0	combine_gems	0
50	[Комбайнер +14,+17,+20]	1	450	7	220400,270600	220400,270600	270	Москва	13	0	combine_gems2	0
51	[Президент]	1	14	7	223900,274800	223900,274800	270	Москва	13	0	RankByDB_NPC	0
52	[Корабел - Синбад]	1	10	5	225538,280188	225538,280188	174	Argent City	1	0	r_talk151	0
53	[Диспетчер порта - Шерли]	1	441	9	224367,282625	224367,282625	267	Argent City	1	0	r_talk152	0
54	[Эксклюзивные аппарели]	1	1140	9	225100,274200	225100,274200	270	Argent City	1	0	ex_apparels	0
55	[Обмен мешков буста]	1	11	7	218600,277600	218600,277600	180	Москва	13	0	exch_bust	0
56	[Остров Хэллоуина]	1	27	7	217700,279200	217700,279200	0	Москва	13	0	Ka4_zone	0
57	[Остров сокровищ]	1	27	7	223100,280200	223100,280200	180	Москва	13	0	NP_telep	0
58	[Остров Смерти]	1	884	7	224700,276900	224700,276900	180	Москва	13	0	wing_telep	0
59	[Воитель Эксклюзив]	1	450	0	230900,273400	230900,273400	180	Москва	20	0	app_lanc1	0
60	[Стрелок Эксклюзив]	1	450	0	231300,274100	231300,274100	270	Москва	20	0	app_carc1	0
61	[Маги Эксклюзив]	1	450	0	231300,274900	231300,274900	270	Москва	24	0	app_fil1	0
62	[Чемпион Эксклюзив] 	1	450	0	231300,275300	231300,275300	0	Москва	24	0	app_ami1	0
63	[Вой Эксклюзив] 	1	450	0	230700,275300	230700,275300	0	Москва	24	0	app_ami2	0
64	[Эксклюзивные Умения]	1	429	17	223400,272700	223400,272700	135	Москва	1	0	Skills_New	0
65	[Клещи]	1	429	17	219200,270900	219200,270900	90	Москва	1	0	Kleha	0
66	[Капитан Бустеренко]	1	429	17	223700,268600	223700,268600	90	Москва	1	0	Buster	0
67	[Повелитель шансов]	1	450	7	220200,271300	220200,271300	0	Москва	1	0	hitdodje	0
68	[Ангел перерождения]	1	284	7	223600,270800	223600,270800	180	Москва	1	0	RBNPC	0
69	[Камни перерождения]	1	284	7	224000,271500	224000,271500	0	Москва	1	0	RBSTONE	0
70	[Портниха - Нилла]	1	18	2	226681,270475	226681,270475	180	Москва	1	0	equip	0
71	[Оружие Ада]	1	963	2	224000,281300	224000,281300	0	Москва	1	0	Apoc_weapon	0
72	[Адский круговорот]	1	103	2	220200,278000	220200,278000	270	Москва	1	0	hell_circle	0
73	[Бронзовый плащ]	1	103	2	224000,276900	224000,276900	180	Москва	1	0	bronze_cloak	0
74	[Экипировка Апокалипсиса]	1	103	2	223800,281300	223800,281300	0	Москва	1	0	equip_apoc	0
75	[Бижутерия Апокалипсиса]	1	103	2	224600,281300	224600,281300	0	Москва	1	0	nec_apoc	0
76	[Сибирский дух]	1	103	2	226800,280100	226800,280100	180	Москва	1	0	tp_Sibir	0
77	[Дух СПБ]	1	103	2	227700,280100	227700,280100	180	Москва	1	0	tp_SPB	0
78	[Серебряный плащ]	1	103	2	225200,276900	225200,276900	180	Москва	1	0	sereb_cloak	0
79	[Руководитель Осад]	1	47	2	216700,275100	216700,275100	180	Москва	1	0	SiegeNPC	0
